  0.00000000  1.16495351  0.46228471  0.00045386 
  0.00000000  0.62683908  0.98326847  0.00045386 
  0.00000000  0.07508015  0.72771582  0.00045387 
  0.00000000  0.35160690  0.56727806  0.00045387 
  0.00000000 -0.69651254 -0.96040872  0.00045388 
  0.00000000  1.69614248  3.49858272  0.00045388 
  0.00000000  0.05905978 -0.58392439  0.00045389 
  0.00000000  1.79707178  1.90662683  0.00045390 
  0.00000000  0.26406853 -0.45496917  0.00045390 
  0.00000000  0.87167329  1.29230086  0.00045391 
  0.00000000 -1.44617154 -3.37730523  0.00045391 
  0.00000000 -0.70116535 -0.04086556  0.00045392 
  0.00000000  1.24598212  0.14347252  0.00045392 
  0.00000000 -0.63897700 -0.74194764  0.00045393 
  0.00000000  0.57735022 -0.48245132  0.00045393 
  0.00000000 -0.36002963 -1.59859556  0.00045394 
  0.00000000 -0.13557629 -2.02481235  0.00045394 
  0.00000000 -1.34933848 -2.32292303  0.00045395 
  0.00000000 -1.27044990 -1.05833406  0.00045395 
  0.00000000  0.98457027  1.47801226  0.00045396 
  0.00000000 -0.04488061  1.50229598  0.00045396 
  0.00000000 -0.79894452 -0.15401177  0.00045397 
  0.00000000 -0.76517243 -2.91353142  0.00045397 
  0.00000000  0.86173490 -0.16710963  0.00045398 
  0.00000000 -0.05622512 -0.19780724  0.00045398 
  0.00000000  0.51347817 -2.01322795  0.00045399 
  0.00000000  0.39668087  0.08369937  0.00045400 
  0.00000000  0.75621897  0.16260135  0.00045400 
  0.00000000  0.40048602  0.73280818  0.00045401 
  0.00000000 -1.34138072 -0.78253002  0.00045401 
  0.00000000  0.37504102  1.27492460  0.00045402 
  0.00000000  1.12516182  0.92426296  0.00045402 
  0.00000000  0.72864159  0.49490662  0.00045403 
  0.00000000 -2.37745429 -0.92754769  0.00045403 
  0.00000000 -0.27378242  1.56234961  0.00045404 
  0.00000000 -0.32293992 -0.70585818  0.00045404 
  0.00000000  0.31798792  0.47307066  0.00045405 
  0.00000000 -0.51117221 -1.47582046  0.00045405 
  0.00000000 -0.00204135  0.03671509  0.00045406 
  0.00000000  1.60651096  2.37196935  0.00045406 
  0.00000000  0.84764863  0.25312463  0.00045407 
  0.00000000  0.26810081  0.39834679  0.00045408 
  0.00000000 -0.92348909 -0.88847558  0.00045408 
  0.00000000 -0.07049939 -0.69517353  0.00045409 
  0.00000000  0.14789135 -0.39188389  0.00045409 
  0.00000000 -0.55709364  1.32286347  0.00045410 
  0.00000000 -0.33670570 -1.34055515  0.00045410 
  0.00000000  0.41522746 -0.08221841  0.00045411 
  0.00000000  1.55781354  0.05341638  0.00045411 
  0.00000000 -2.44429890 -2.53974820  0.00045412 
  0.00000000 -1.09819539 -0.70146833  0.00045412 
  0.00000000  1.12264786  0.59553295  0.00045413 
  0.00000000  0.58166726  0.92623831  0.00045414 
  0.00000000 -0.27135430 -0.99464482  0.00045414 
  0.00000000  0.41419131  1.68238467  0.00045415 
  0.00000000 -0.97781423 -1.00905689  0.00045415 
  0.00000000 -1.02146617 -0.24325444  0.00045416 
  0.00000000  0.31768798  2.49817153  0.00045416 
  0.00000000  1.51610780  1.95392148  0.00045417 
  0.00000000  0.74943245  2.08276144  0.00045417 
  0.00000000 -0.50770039 -0.25662225  0.00045418 
  0.00000000  0.88529945  0.57482854  0.00045418 
  0.00000000 -0.24809355 -1.17109728  0.00045419 
  0.00000000 -0.72624900 -1.11102474  0.00045420 
  0.00000000 -0.44504030  0.71314027  0.00045420 
  0.00000000 -0.61291112  0.24958907  0.00045421 
  0.00000000 -0.20914408 -1.24384971  0.00045421 
  0.00000000  0.56214783  0.36947495  0.00045422 
  0.00000000 -1.06392289 -2.36364567  0.00045422 
  0.00000000  0.35158895  0.65818486  0.00045423 
  0.00000000  1.13299993  2.10199210  0.00045423 
  0.00000000  0.14999425 -0.59732288  0.00045424 
  0.00000000  0.70314405 -2.09288037  0.00045425 
  0.00000000 -0.05241158  0.64431997  0.00045425 
  0.00000000  2.01849612  5.22540367  0.00045426 
  0.00000000  0.92415940  1.46016645  0.00045426 
  0.00000000 -1.81411470 -1.51566417  0.00045427 
  0.00000000  0.03497332  0.31901648  0.00045427 
  0.00000000 -1.80786206 -0.84819769  0.00045428 
  0.00000000  1.02819255  3.11578566  0.00045429 
  0.00000000  0.39460031  1.91928084  0.00045429 
  0.00000000  0.63940564  0.44414485  0.00045430 
  0.00000000  0.87421289  0.89147321  0.00045430 
  0.00000000  1.75240173  1.99874217  0.00045431 
  0.00000000 -0.32005083 -1.17453555  0.00045431 
  0.00000000 -0.13741381  1.02036889  0.00045432 
  0.00000000  0.61576963  0.77767735  0.00045433 
  0.00000000  0.97789407  2.53495783  0.00045433 
  0.00000000 -1.11534771 -1.30889157  0.00045434 
  0.00000000 -0.55002145  1.10127973  0.00045434 
  0.00000000  0.03988485 -1.85889333  0.00045435 
  0.00000000 -2.48284251 -0.66031775  0.00045436 
  0.00000000  1.15865471 -0.35976043  0.00045436 
  0.00000000 -1.02627947 -2.07735008  0.00045437 
  0.00000000  1.15348699  1.20341750  0.00045438 
  0.00000000 -0.78645661 -2.24120548  0.00045438 
  0.00000000  0.63480859  1.10135444  0.00045439 
  0.00000000  0.82040976  1.36584660  0.00045439 
  0.00000000 -0.17602651  1.14429256  0.00045440 
  0.00000000  0.56247387  0.15797955  0.00045441 
  0.00000000 -0.12744288  0.29102563  0.00045441 
  0.00000000  0.55417156  0.80152031  0.00045442 
  0.00000000 -1.09734432 -0.39323400  0.00045443 
  0.00000000 -0.73130140 -0.09936255  0.00045444 
  0.00000000  1.40473192  0.41236981  0.00045444 
  0.00000000 -0.62021421  1.14649416  0.00045445 
  0.00000000  0.23714877 -0.14495487  0.00045446 
  0.00000000 -1.58684699 -2.49827241  0.00045446 
  0.00000000 -0.40148481 -1.39757479  0.00045447 
  0.00000000 -0.77069227  0.42445036  0.00045448 
  0.00000000 -0.26268051 -0.42212829  0.00045449 
  0.00000000  0.97648954  3.68051559  0.00045450 
  0.00000000  0.97781504  0.77931513  0.00045450 
  0.00000000  1.17002111  1.02861650  0.00045451 
  0.00000000  0.15931086  0.57057879  0.00045452 
  0.00000000  0.49952085 -0.67953881  0.00045453 
  0.00000000 -1.05537507 -1.33315058  0.00045454 
  0.00000000 -0.45074320 -2.03179662  0.00045455 
  0.00000000  1.27037824  2.31940059  0.00045456 
  0.00000000  0.89869360  1.20138264  0.00045457 
  0.00000000  0.43870510 -0.78779724  0.00045459 
  0.00000000 -1.24734432 -1.17774422  0.00045460 
  0.00000000  0.32466692 -0.07184929  0.00045462 
  0.00000000  0.39007041  1.77887717  0.00045463 
  0.00000000 -0.40513832  0.95928397  0.00045465 
  0.00000000  0.29231488  0.95046751  0.00045467 
  0.00000000  2.56591024  3.05722391  0.00045469 
  0.00000000 -0.45781564  0.34291806  0.00045472 
  0.00000000 -1.61082701 -2.37809601  0.00045475 
  0.00000000 -2.66952378 -2.30510428  0.00045479 
  0.00000000 -0.75969665 -1.15761050  0.00045484 
  0.00000000 -0.67472086  0.18955872  0.00045490 
  0.00000000 -1.17168719 -1.34930527  0.00045500 
  0.00000000  2.03293002  3.90731054  0.00045514 
  0.00000000  0.96848105  1.14088128  0.00045541 
  0.00000000  0.67029200  1.94203549  0.00045605 
  0.00000000  0.42014604  0.38480167  0.00046023 
  0.00000000  1.16495351  0.46228471  0.00045386 
  0.00000000  0.62683908  0.98326847  0.00045386 
  0.00000000  0.07508015  0.72771582  0.00045387 
  0.00000000  0.35160690  0.56727806  0.00045387 
  0.00000000 -0.69651254 -0.96040872  0.00045388 
  0.00000000  1.69614248  3.49858272  0.00045388 
  0.00000000  0.05905978 -0.58392439  0.00045389 
  0.00000000  1.79707178  1.90662683  0.00045390 
  0.00000000  0.26406853 -0.45496917  0.00045390 
  0.00000000  0.87167329  1.29230086  0.00045391 
  0.00000000 -1.44617154 -3.37730523  0.00045391 
  0.00000000 -0.70116535 -0.04086556  0.00045392 
  0.00000000  1.24598212  0.14347252  0.00045392 
  0.00000000 -0.63897700 -0.74194764  0.00045393 
  0.00000000  0.57735022 -0.48245132  0.00045393 
  0.00000000 -0.36002963 -1.59859556  0.00045394 
  0.00000000 -0.13557629 -2.02481235  0.00045394 
  0.00000000 -1.34933848 -2.32292303  0.00045395 
  0.00000000 -1.27044990 -1.05833406  0.00045395 
  0.00000000  0.98457027  1.47801226  0.00045396 
  0.00000000 -0.04488061  1.50229598  0.00045396 
  0.00000000 -0.79894452 -0.15401177  0.00045397 
  0.00000000 -0.76517243 -2.91353142  0.00045397 
  0.00000000  0.86173490 -0.16710963  0.00045398 
  0.00000000 -0.05622512 -0.19780724  0.00045398 
  0.00000000  0.51347817 -2.01322795  0.00045399 
  0.00000000  0.39668087  0.08369937  0.00045400 
  0.00000000  0.75621897  0.16260135  0.00045400 
  0.00000000  0.40048602  0.73280818  0.00045401 
  0.00000000 -1.34138072 -0.78253002  0.00045401 
  0.00000000  0.37504102  1.27492460  0.00045402 
  0.00000000  1.12516182  0.92426296  0.00045402 
  0.00000000  0.72864159  0.49490662  0.00045403 
  0.00000000 -2.37745429 -0.92754769  0.00045403 
  0.00000000 -0.27378242  1.56234961  0.00045404 
  0.00000000 -0.32293992 -0.70585818  0.00045404 
  0.00000000  0.31798792  0.47307066  0.00045405 
  0.00000000 -0.51117221 -1.47582046  0.00045405 
  0.00000000 -0.00204135  0.03671509  0.00045406 
  0.00000000  1.60651096  2.37196935  0.00045406 
  0.00000000  0.84764863  0.25312463  0.00045407 
  0.00000000  0.26810081  0.39834679  0.00045408 
  0.00000000 -0.92348909 -0.88847558  0.00045408 
  0.00000000 -0.07049939 -0.69517353  0.00045409 
  0.00000000  0.14789135 -0.39188389  0.00045409 
  0.00000000 -0.55709364  1.32286347  0.00045410 
  0.00000000 -0.33670570 -1.34055515  0.00045410 
  0.00000000  0.41522746 -0.08221841  0.00045411 
  0.00000000  1.55781354  0.05341638  0.00045411 
  0.00000000 -2.44429890 -2.53974820  0.00045412 
  0.00000000 -1.09819539 -0.70146833  0.00045412 
  0.00000000  1.12264786  0.59553295  0.00045413 
  0.00000000  0.58166726  0.92623831  0.00045414 
  0.00000000 -0.27135430 -0.99464482  0.00045414 
  0.00000000  0.41419131  1.68238467  0.00045415 
  0.00000000 -0.97781423 -1.00905689  0.00045415 
  0.00000000 -1.02146617 -0.24325444  0.00045416 
  0.00000000  0.31768798  2.49817153  0.00045416 
  0.00000000  1.51610780  1.95392148  0.00045417 
  0.00000000  0.74943245  2.08276144  0.00045417 
  0.00000000 -0.50770039 -0.25662225  0.00045418 
  0.00000000  0.88529945  0.57482854  0.00045418 
  0.00000000 -0.24809355 -1.17109728  0.00045419 
  0.00000000 -0.72624900 -1.11102474  0.00045420 
  0.00000000 -0.44504030  0.71314027  0.00045420 
  0.00000000 -0.61291112  0.24958907  0.00045421 
  0.00000000 -0.20914408 -1.24384971  0.00045421 
  0.00000000  0.56214783  0.36947495  0.00045422 
  0.00000000 -1.06392289 -2.36364567  0.00045422 
  0.00000000  0.35158895  0.65818486  0.00045423 
  0.00000000  1.13299993  2.10199210  0.00045423 
  0.00000000  0.14999425 -0.59732288  0.00045424 
  0.00000000  0.70314405 -2.09288037  0.00045425 
  0.00000000 -0.05241158  0.64431997  0.00045425 
  0.00000000  2.01849612  5.22540367  0.00045426 
  0.00000000  0.92415940  1.46016645  0.00045426 
  0.00000000 -1.81411470 -1.51566417  0.00045427 
  0.00000000  0.03497332  0.31901648  0.00045427 
  0.00000000 -1.80786206 -0.84819769  0.00045428 
  0.00000000  1.02819255  3.11578566  0.00045429 
  0.00000000  0.39460031  1.91928084  0.00045429 
  0.00000000  0.63940564  0.44414485  0.00045430 
  0.00000000  0.87421289  0.89147321  0.00045430 
  0.00000000  1.75240173  1.99874217  0.00045431 
  0.00000000 -0.32005083 -1.17453555  0.00045431 
  0.00000000 -0.13741381  1.02036889  0.00045432 
  0.00000000  0.61576963  0.77767735  0.00045433 
  0.00000000  0.97789407  2.53495783  0.00045433 
  0.00000000 -1.11534771 -1.30889157  0.00045434 
  0.00000000 -0.55002145  1.10127973  0.00045434 
  0.00000000  0.03988485 -1.85889333  0.00045435 
  0.00000000 -2.48284251 -0.66031775  0.00045436 
  0.00000000  1.15865471 -0.35976043  0.00045436 
  0.00000000 -1.02627947 -2.07735008  0.00045437 
  0.00000000  1.15348699  1.20341750  0.00045438 
  0.00000000 -0.78645661 -2.24120548  0.00045438 
  0.00000000  0.63480859  1.10135444  0.00045439 
  0.00000000  0.82040976  1.36584660  0.00045439 
  0.00000000 -0.17602651  1.14429256  0.00045440 
  0.00000000  0.56247387  0.15797955  0.00045441 
  0.00000000 -0.12744288  0.29102563  0.00045441 
  0.00000000  0.55417156  0.80152031  0.00045442 
  0.00000000 -1.09734432 -0.39323400  0.00045443 
  0.00000000 -0.73130140 -0.09936255  0.00045444 
  0.00000000  1.40473192  0.41236981  0.00045444 
  0.00000000 -0.62021421  1.14649416  0.00045445 
  0.00000000  0.23714877 -0.14495487  0.00045446 
  0.00000000 -1.58684699 -2.49827241  0.00045446 
  0.00000000 -0.40148481 -1.39757479  0.00045447 
  0.00000000 -0.77069227  0.42445036  0.00045448 
  0.00000000 -0.26268051 -0.42212829  0.00045449 
  0.00000000  0.97648954  3.68051559  0.00045450 
  0.00000000  0.97781504  0.77931513  0.00045450 
  0.00000000  1.17002111  1.02861650  0.00045451 
  0.00000000  0.15931086  0.57057879  0.00045452 
  0.00000000  0.49952085 -0.67953881  0.00045453 
  0.00000000 -1.05537507 -1.33315058  0.00045454 
  0.00000000 -0.45074320 -2.03179662  0.00045455 
  0.00000000  1.27037824  2.31940059  0.00045456 
  0.00000000  0.89869360  1.20138264  0.00045457 
  0.00000000  0.43870510 -0.78779724  0.00045459 
  0.00000000 -1.24734432 -1.17774422  0.00045460 
  0.00000000  0.32466692 -0.07184929  0.00045462 
  0.00000000  0.39007041  1.77887717  0.00045463 
  0.00000000 -0.40513832  0.95928397  0.00045465 
  0.00000000  0.29231488  0.95046751  0.00045467 
  0.00000000  2.56591024  3.05722391  0.00045469 
  0.00000000 -0.45781564  0.34291806  0.00045472 
  0.00000000 -1.61082701 -2.37809601  0.00045475 
  0.00000000 -2.66952378 -2.30510428  0.00045479 
  0.00000000 -0.75969665 -1.15761050  0.00045484 
  0.00000000 -0.67472086  0.18955872  0.00045490 
  0.00000000 -1.17168719 -1.34930527  0.00045500 
  0.00000000  2.03293002  3.90731054  0.00045514 
  0.00000000  0.96848105  1.14088128  0.00045541 
  0.00000000  0.67029200  1.94203549  0.00045605 
  0.00000000  0.42014604  0.38480167  0.00046023 
