  0.00  0.00002387  0.66754224  0.33378306  0.00476625  1.16499518  0.00000000 
  0.01 -0.00037572  0.35880307  0.34185663  0.00952372 -0.53881181  0.00000000 
  0.02 -0.00119889  0.04182204  0.26623064  0.01427243 -0.55319552  0.00000000 
  0.03 -0.00244548  0.19902527  0.25179240  0.01901236  0.27435120  0.00000000 
  0.04 -0.00411518 -0.40321686  0.14123290  0.02374353 -1.05103340  0.00000000 
  0.05 -0.00620764  0.96568200  0.25721800  0.02846592  2.38900325  0.00000000 
  0.06 -0.00872223  0.02511902  0.22600548  0.03317954 -1.64147117  0.00000000 
  0.07 -0.01165844  1.01806369  0.31140213  0.03788440  1.73288773  0.00000000 
  0.08 -0.01501549  0.13629578  0.29087026  0.04258048 -1.53886197  0.00000000 
  0.09 -0.01879256  0.48067623  0.30469175  0.04726779  0.60101301  0.00000000 
  0.10 -0.02298874 -0.85164503  0.20448399  0.05194633 -2.32516799  0.00000000 
  0.11 -0.02760285 -0.42937059  0.15146683  0.05661610  0.73695364  0.00000000 
  0.12 -0.03263364  0.68131412  0.18464154  0.06127710  1.93836772  0.00000000 
  0.13 -0.03807980 -0.40421362  0.14030124  0.06592932 -1.89446376  0.00000000 
  0.14 -0.04393998  0.28688170  0.14396830  0.07057278  1.20610003  0.00000000 
  0.15 -0.05021264 -0.25650962  0.11450669  0.07520747 -0.94832691  0.00000000 
  0.16 -0.05689624 -0.13458145  0.09435577  0.07983338  0.21278912  0.00000000 
  0.17 -0.06398891 -0.83715986  0.03860875  0.08445052 -1.22614032  0.00000000 
  0.18 -0.07148884 -0.79945663 -0.01042003  0.08905889  0.06579970  0.00000000 
  0.19 -0.07939418  0.48476458  0.00563077  0.09365849  2.24122375  0.00000000 
  0.20 -0.08770297 -0.11341956 -0.00771206  0.09824932 -1.04395139  0.00000000 
  0.21 -0.09641288 -0.55420809 -0.03980425  0.10283138 -0.76926445  0.00000000 
  0.22 -0.10552164 -0.54396544 -0.06954037  0.10740467  0.01787549  0.00000000 
  0.23 -0.11502685  0.37874725 -0.06073393  0.11196918  1.61031883  0.00000000 
  0.24 -0.12492595 -0.15714294 -0.07396031  0.11652492 -0.93523594  0.00000000 
  0.25 -0.13521631  0.15900668 -0.07524101  0.12107189  0.55174454  0.00000000 
  0.26 -0.14589515  0.08140299 -0.07994385  0.12561009 -0.13543401  0.00000000 
  0.27 -0.15695960  0.27635387 -0.07834041  0.13013952  0.34022840  0.00000000 
  0.28 -0.16840672  0.06107177 -0.08475859  0.13466017 -0.37571046  0.00000000 
  0.29 -0.18023348 -0.94884463 -0.12407720  0.13917205 -1.76250681  0.00000000 
  0.30 -0.19243672  0.02246179 -0.13131925  0.14367516  1.69512464  0.00000000 
  0.31 -0.20501316  0.43970456 -0.12621024  0.14816950  0.72817238  0.00000000 
  0.32 -0.21795946  0.19955217 -0.12919379  0.15265506 -0.41911411  0.00000000 
  0.33 -0.23127215 -1.59355346 -0.18396410  0.15713186 -3.12932920  0.00000000 
  0.34 -0.24494750 -0.40182482 -0.20331040  0.16159988  2.07980565  0.00000000 
  0.35 -0.25898187 -0.44402645 -0.22347041  0.16605913 -0.07365031  0.00000000 
  0.36 -0.27337147 -0.09116439 -0.23399867  0.17050960  0.61581510  0.00000000 
  0.37 -0.28811239 -0.58101407 -0.25725853  0.17495130 -0.85488600  0.00000000 
  0.38 -0.30320075 -0.30437044 -0.27314647  0.17938423  0.48279865  0.00000000 
  0.39 -0.31863245  0.60189833 -0.26685816  0.18380839  1.58162090  0.00000000 
  0.40 -0.33440328  0.15129939 -0.27229627  0.18822377 -0.78638559  0.00000000 
  0.41 -0.35050885 -0.19688708 -0.28627259  0.19263038 -0.60765527  0.00000000 
  0.42 -0.36694470 -0.89610395 -0.31619392  0.19702822 -1.22027376  0.00000000 
  0.43 -0.38370647 -0.42410262 -0.33498050  0.20141729  0.82373705  0.00000000 
  0.44 -0.40078960 -0.31604785 -0.35128013  0.20579758  0.18857725  0.00000000 
  0.45 -0.41818947 -0.73740413 -0.37652478  0.21016909 -0.73535127  0.00000000 
  0.46 -0.43590151 -0.62883387 -0.39912382  0.21453184  0.18947689  0.00000000 
  0.47 -0.45392083 -0.21599549 -0.41303771  0.21888581  0.72048582  0.00000000 
  0.48 -0.47224256  0.42038460 -0.41432421  0.22323101  1.11061098  0.00000000 
  0.49 -0.49086188 -1.89144515 -0.46154113  0.22756743 -4.03460689  0.00000000 
  0.50 -0.50977366 -1.13903962 -0.49311751  0.23189508  1.31309866  0.00000000 
  0.51 -0.52897267  0.11430455 -0.50049299  0.23621396  2.18733712  0.00000000 
  0.52 -0.54845366 -0.21515832 -0.51432879  0.24052406 -0.57497884  0.00000000 
  0.53 -0.56821136 -0.72369737 -0.53753352  0.24482539 -0.88750270  0.00000000 
  0.54 -0.58824032 -0.35090870 -0.55387186  0.24911794  0.65059105  0.00000000 
  0.55 -0.60853508 -1.16882264 -0.58459887  0.25340172 -1.42742397  0.00000000 
  0.56 -0.62908997 -1.21439009 -0.61565772  0.25767672 -0.07952435  0.00000000 
  0.57 -0.64989922 -0.46786401 -0.63360952  0.26194295  1.30283783  0.00000000 
  0.58 -0.67095713  0.19777264 -0.64046068  0.26620041  1.16166955  0.00000000 
  0.59 -0.69225806 -0.26283326 -0.65522263  0.27044909 -0.80384975  0.00000000 
  0.60 -0.71379609 -1.00470841 -0.68205128  0.27468900 -1.29472102  0.00000000 
  0.61 -0.73556549 -0.22828890 -0.69627386  0.27892013  1.35500787  0.00000000 
  0.62 -0.75756028 -0.89971788 -0.72110526  0.28314249 -1.17177833  0.00000000 
  0.63 -0.77977433 -1.19591501 -0.75028404  0.28735607 -0.51692343  0.00000000 
  0.64 -0.80220165 -1.05720974 -0.77702382  0.29156088  0.24206853  0.00000000 
  0.65 -0.82483591 -1.17603398 -0.80527783  0.29575691 -0.20737214  0.00000000 
  0.66 -0.84767108 -0.96751064 -0.83016529  0.29994417  0.36391509  0.00000000 
  0.67 -0.87070081 -0.54859010 -0.84878298  0.30412265  0.73110041  0.00000000 
  0.68 -0.89391876 -1.50354657 -0.88102572  0.30829235 -1.66659070  0.00000000 
  0.69 -0.91731855 -0.71585808 -0.90177251  0.31245329  1.37467450  0.00000000 
  0.70 -0.94089360 -0.29168464 -0.91654986  0.31660544  0.74026778  0.00000000 
  0.71 -0.96463747 -0.87869077 -0.93945327  0.32074882 -1.02444350  0.00000000 
  0.72 -0.98854352 -0.58564198 -0.95825874  0.32488342  0.51142894  0.00000000 
  0.73 -1.01260535 -1.04263719 -0.98312861  0.32900925 -0.79754836  0.00000000 
  0.74 -1.03681621  0.11978207 -0.99251294  0.33312630  2.02865491  0.00000000 
  0.75 -1.06116941 -0.53162607 -1.01056851  0.33723458 -1.13683795  0.00000000 
  0.76 -1.08565814 -2.12514587 -1.04903715  0.34133407 -2.78101186  0.00000000 
  0.77 -1.11027555 -1.09023584 -1.07386916  0.34542480  1.80612570  0.00000000 
  0.78 -1.13501479 -2.17091975 -1.11201731  0.34950674 -1.88601032  0.00000000 
  0.79 -1.15986900 -0.57071467 -1.12988722  0.35357991  2.79267903  0.00000000 
  0.80 -1.18483116 -0.95872518 -1.15246331  0.35764430 -0.67715622  0.00000000 
  0.81 -1.20989428 -0.84351485 -1.17350831  0.36169992  0.20106515  0.00000000 
  0.82 -1.23505162 -0.73412763 -1.19314173  0.36574676  0.19090266  0.00000000 
  0.83 -1.26029611 -0.25616992 -1.20707256  0.36978482  0.83413213  0.00000000 
  0.84 -1.28562075 -1.46900987 -1.23515522  0.37381410 -2.11664914  0.00000000 
  0.85 -1.31101828 -1.38975639 -1.26204491  0.37783461  0.13831323  0.00000000 
  0.86 -1.33648171 -0.98364572 -1.28406265  0.38184634  0.70874463  0.00000000 
  0.87 -1.36200389 -0.80167059 -1.30388548  0.38584929  0.31758311  0.00000000 
  0.88 -1.38757762 -2.02667186 -1.33721386  0.38984347 -2.13787306  0.00000000 
  0.89 -1.41319556 -1.72835785 -1.36685685  0.39382886  0.52061782  0.00000000 
  0.90 -1.43885057 -1.41599655 -1.39277579  0.39780548  0.54513315  0.00000000 
  0.91 -1.46453553 -2.88720429 -1.43426263  0.40177332 -2.56755276  0.00000000 
  0.92 -1.49024295 -0.82633381 -1.45323871  0.40573239  3.59663260  0.00000000 
  0.93 -1.51596576 -2.10402389 -1.48555093  0.40968267 -2.22982563  0.00000000 
  0.94 -1.54169664 -0.88074860 -1.50472396  0.41362418  2.13486090  0.00000000 
  0.95 -1.56742828 -2.01806792 -1.53549314  0.41755691 -1.98485047  0.00000000 
  0.96 -1.59315331 -1.22940799 -1.55784347  0.42148085  1.37636985  0.00000000 
  0.97 -1.61886450 -1.14876971 -1.57917443  0.42539602  0.14072999  0.00000000 
  0.98 -1.64455447 -1.74541766 -1.60628198  0.42930242 -1.04127041  0.00000000 
  0.99 -1.67021590 -1.34791837 -1.62914383  0.43320003  0.69371603  0.00000000 
  1.00 -1.69584156 -1.76886632 -1.65590106  0.43708886 -0.73463866  0.00000000 
  1.01 -1.72142414 -1.40388383 -1.67880190  0.44096892  0.63696770  0.00000000 
  1.02 -1.74695637 -2.37573467 -1.71080368  0.44484019 -1.69607475  0.00000000 
  1.03 -1.77243097 -2.19146668 -1.74062753  0.44870269  0.32158463  0.00000000 
  1.04 -1.79784074 -0.99292935 -1.75875820  0.45255640  2.09168818  0.00000000 
  1.05 -1.82317823 -2.17856098 -1.78779704  0.45640134 -2.06916514  0.00000000 
  1.06 -1.84843613 -1.71254989 -1.81213951  0.46023749  0.81328287  0.00000000 
  1.07 -1.87360711 -2.78287043 -1.84600098  0.46406487 -1.86792416  0.00000000 
  1.08 -1.89868405 -2.12873484 -1.87343619  0.46788346  1.14159789  0.00000000 
  1.09 -1.92365955 -2.36526622 -1.90263397  0.47169328 -0.41279473  0.00000000 
  1.10 -1.94852640 -2.09904233 -1.92904926  0.47549431  0.46461413  0.00000000 
  1.11 -1.97327731 -1.41374880 -1.94903825  0.47928657  1.19597474  0.00000000 
  1.12 -1.99790509 -1.43761707 -1.96898161  0.48307004 -0.04165492  0.00000000 
  1.13 -2.02240259 -1.35198049 -1.98791908  0.48684473  0.14945302  0.00000000 
  1.14 -2.04676274 -1.95547762 -2.01180812  0.49061064 -1.05322360  0.00000000 
  1.15 -2.07097836 -1.78475292 -2.03389508  0.49436777  0.29794887  0.00000000 
  1.16 -2.09504232 -2.69977224 -2.06341750  0.49811612 -1.59689236  0.00000000 
  1.17 -2.11894742 -2.37722327 -2.08977864  0.50185569  0.56291268  0.00000000 
  1.18 -2.14268669 -1.41475996 -2.10771527  0.50558647  1.67969165  0.00000000 
  1.19 -2.16625314 -1.65130171 -2.12733571  0.50930847 -0.41281283  0.00000000 
  1.20 -2.18963965 -1.93826163 -2.14900206  0.51302169 -0.50080266  0.00000000 
  1.21 -2.21283945 -2.92756775 -2.17836473  0.51672613 -1.72653772  0.00000000 
  1.22 -2.23584562 -2.04981148 -2.20017070  0.52042179  1.53186086  0.00000000 
  1.23 -2.25865129 -2.03514095 -2.22149612  0.52410866  0.02560302  0.00000000 
  1.24 -2.28124959 -2.51339385 -2.24625454  0.52778675 -0.83464730  0.00000000 
  1.25 -2.30363366 -2.13613723 -2.26761858  0.53145606  0.65838851  0.00000000 
  1.26 -2.32579684 -0.85553027 -2.27860034  0.53511659  2.23491616  0.00000000 
  1.27 -2.34773228 -2.61006065 -2.30295938  0.53876833 -3.06200764  0.00000000 
  1.28 -2.36943343 -3.29243731 -2.33212956  0.54241129 -1.19088423  0.00000000 
  1.29 -2.39089374 -3.92053087 -2.36557619  0.54604546 -1.09614932  0.00000000 
  1.30 -2.41210660 -2.84741278 -2.39030396  0.54967086  1.87280644  0.00000000 
  1.31 -2.43306551 -2.81968056 -2.41435942  0.55328746  0.04839829  0.00000000 
  1.32 -2.45376392 -3.12514068 -2.44023392  0.55689529 -0.53308921  0.00000000 
  1.33 -2.47419550 -1.30932660 -2.45216371  0.56049433  3.16896000  0.00000000 
  1.34 -2.49435399 -1.93941435 -2.46843073  0.56408458 -1.09962958  0.00000000 
  1.35 -2.51423306 -2.13015574 -2.48572290  0.56766605 -0.33288201  0.00000000 
  1.36 -2.53382643 -2.29308275 -2.50380615  0.57123874 -0.28434032  0.00000000 
  1.37 -2.55312805 -4.19921453 -2.53519421  0.57480264 -3.32658252  0.00000000 
  1.38 -2.57213181 -1.60612596 -2.54745450  0.57835775  4.52545999  0.00000000 
  1.39 -2.59083164 -2.57483087 -2.56624470  0.58190408 -1.69058449  0.00000000 
  1.40 -2.60922160 -3.12608513 -2.58847687  0.58544163 -0.96204931  0.00000000 
  1.41 -2.62729569 -3.80381223 -2.61495305  0.58897039 -1.18276982  0.00000000 
  1.42 -2.64504798 -2.59400153 -2.63246673  0.59249036  2.11136248  0.00000000 
  1.43 -2.66247293 -1.46656513 -2.64176129  0.59600155  1.96760280  0.00000000 
  1.44 -2.67956467 -2.47035179 -2.65759292  0.59950395 -1.75180919  0.00000000 
  1.45 -2.69631764 -2.21149917 -2.67122871  0.60299756  0.45174977  0.00000000 
  1.46 -2.71272647 -2.81846655 -2.68855323  0.60648239 -1.05927988  0.00000000 
  1.47 -2.72878552 -2.13818615 -2.70084292  0.60995843  1.18722582  0.00000000 
  1.48 -2.74448950 -3.61981728 -2.72260121  0.61342568 -2.58574368  0.00000000 
  1.49 -2.75983302 -2.20692300 -2.73446097  0.61688415  2.46578410  0.00000000 
  1.50 -2.77481094 -2.47331983 -2.74765561  0.62033383 -0.46491593  0.00000000 
  1.51 -2.78941804 -2.89511024 -2.76316471  0.62377472 -0.73610893  0.00000000 
  1.52 -2.80364929 -2.68974673 -2.77686090  0.62720682  0.35840055  0.00000000 
  1.53 -2.81749977 -1.90618519 -2.78503918  0.63063013  1.36747215  0.00000000 
  1.54 -2.83096468 -2.81251887 -2.79862858  0.63404466 -1.58173417  0.00000000 
  1.55 -2.84403912 -2.33454833 -2.80869880  0.63745040  0.83415451  0.00000000 
  1.56 -2.85671821 -3.60113258 -2.82634851  0.64084734 -2.21044372  0.00000000 
  1.57 -2.86899746 -2.19138307 -2.83459284  0.64423550  2.46029584  0.00000000 
  1.58 -2.88087239 -1.83946111 -2.84021007  0.64761487  0.61417446  0.00000000 
  1.59 -2.89233836 -3.22714348 -2.85404469  0.65098545 -2.42178425  0.00000000 
  1.60 -2.90339093 -3.48250703 -2.86894555  0.65434724 -0.44566064  0.00000000 
  1.61 -2.91402587 -3.46439141 -2.88320593  0.65770024  0.03161540  0.00000000 
  1.62 -2.92423886 -2.52820442 -2.89123031  0.66104446  1.63383419  0.00000000 
  1.63 -2.93402595 -3.36871418 -2.90389079  0.66437988 -1.46685823  0.00000000 
  1.64 -2.94338321 -2.99894801 -2.91380368  0.66770650  0.64531618  0.00000000 
  1.65 -2.95230675 -3.75848855 -2.92777167  0.67102434 -1.32555067  0.00000000 
  1.66 -2.96079282 -2.37013728 -2.93292834  0.67433339  2.42295161  0.00000000 
  1.67 -2.96883758 -3.40424561 -2.94375537  0.67763364 -1.80472659  0.00000000 
  1.68 -2.97643753 -2.47556263 -2.94859811  0.68092511  1.62073819  0.00000000 
  1.69 -2.98358912 -2.54746335 -2.95340428  0.68420778 -0.12548119  0.00000000 
  1.70 -2.99028897 -3.08536311 -2.96087523  0.68748166 -0.93874303  0.00000000 
  1.71 -2.99653396 -2.82411400 -2.96633693  0.69074675  0.45593213  0.00000000 
  1.72 -3.00232077 -3.18709455 -2.97340318  0.69400304 -0.63347391  0.00000000 
  1.73 -3.00764640 -3.21874607 -2.98014489  0.69725054 -0.05523825  0.00000000 
  1.74 -3.01250788 -2.35476388 -2.98147058  0.70048925  1.50782232  0.00000000 
  1.75 -3.01690224 -2.99316270 -2.98595201  0.70371916 -1.11413406  0.00000000 
  1.76 -3.02082683 -3.65000928 -2.99363165  0.70694028 -1.14632912  0.00000000 
  1.77 -3.02427913 -2.12654643 -2.99226755  0.71015261  2.65874845  0.00000000 
  1.78 -3.02725663 -3.62800327 -2.99880778  0.71335614 -2.62034353  0.00000000 
  1.79 -3.02975687 -2.78753620 -3.00017488  0.71655088  1.46678371  0.00000000 
  1.80 -3.03177745 -3.51562688 -3.00506503  0.71973682 -1.27066437  0.00000000 
  1.81 -3.03331607 -3.21187992 -3.00777459  0.72291396  0.53009941  0.00000000 
  1.82 -3.03437063 -2.80642523 -3.00777906  0.72608231  0.70759982  0.00000000 
  1.83 -3.03493925 -2.43341189 -3.00529047  0.72924187  0.65098313  0.00000000 
  1.84 -3.03502023 -3.23029608 -3.00663171  0.73239263 -1.39072284  0.00000000 
  1.85 -3.03461165 -2.84191347 -3.00539608  0.73553459  0.67780561  0.00000000 
  1.86 -3.03371183 -3.16055155 -3.00537860  0.73866775 -0.55608741  0.00000000 
  1.87 -3.03231916 -3.02277900 -3.00413837  0.74179212  0.24044075  0.00000000 
  1.88 -3.03043243 -3.71365542 -3.00604940  0.74490769 -1.20571801  0.00000000 
  1.89 -3.02805018 -3.10348351 -3.00424398  0.74801447  1.06487245  0.00000000 
  1.90 -3.02517122 -2.17281979 -2.99710460  0.75111244  1.62419497  0.00000000 
  1.91 -3.02179466 -3.50129322 -2.99641336  0.75420162 -2.31845276  0.00000000 
  1.92 -3.01791940 -3.76338203 -2.99656762  0.75728199 -0.45739756  0.00000000 
  1.93 -3.01354464 -2.11156709 -2.98773356  0.76035357  2.88274859  0.00000000 
  1.94 -3.00866974 -2.34052884 -2.97963874  0.76341635 -0.39958421  0.00000000 
  1.95 -3.00329408 -2.55266987 -2.97218082  0.76647033 -0.37022868  0.00000000 
  1.96 -2.99741710 -3.83493610 -2.97074930  0.76951551 -2.23781193  0.00000000 
  1.97 -2.99103831 -2.10032934 -2.96008776  0.77255189  3.02723694  0.00000000 
  1.98 -2.98415765 -3.32654543 -2.95513347  0.77557946 -2.13999318  0.00000000 
  1.99 -2.97677498 -3.67043037 -2.95140643  0.77859824 -0.60014824  0.00000000 
  2.00 -2.96889028 -3.37151950 -2.94570125  0.78160822  0.52165947  0.00000000 
  2.01 -2.96050375 -2.75626971 -2.93648399  0.78460939  1.07373436  0.00000000 
  2.02 -2.95161543 -2.57765519 -2.92594196  0.78760176  0.31171819  0.00000000 
  2.03 -2.94222560 -2.81864602 -2.91613682  0.79058533 -0.42057738  0.00000000 
  2.04 -2.93233497 -3.08354748 -2.90716949  0.79356009 -0.46230621  0.00000000 
  2.05 -2.92194382 -1.88914557 -2.89197377  0.79652605  2.08447105  0.00000000 
  2.06 -2.91105311 -3.27948304 -2.88306198  0.79948321 -2.42641793  0.00000000 
  2.07 -2.89966338 -2.83688834 -2.87156990  0.80243157  0.77241659  0.00000000 
  2.08 -2.88777547 -3.29978407 -2.86184241  0.80537111 -0.80784595  0.00000000 
  2.09 -2.87539027 -2.63437067 -2.84850328  0.80830186  1.16127992  0.00000000 
  2.10 -2.86250907 -3.96904868 -2.84103444  0.81122380 -2.32928099  0.00000000 
  2.11 -2.84913293 -2.47078116 -2.82604960  0.81413693  2.61477752  0.00000000 
  2.12 -2.83526341 -3.46700141 -2.81530733  0.81704126 -1.73860428  0.00000000 
  2.13 -2.82090181 -2.87990398 -2.80138106  0.81993677  1.02460283  0.00000000 
  2.14 -2.80604957 -3.41331585 -2.78949958  0.82282349 -0.93091076  0.00000000 
  2.15 -2.79070868 -3.50040696 -2.77757502  0.82570139 -0.15199147  0.00000000 
  2.16 -2.77488080 -3.85741306 -2.76684344  0.82857049 -0.62304728  0.00000000 
  2.17 -2.75856816 -3.31643210 -2.75318560  0.83143078  0.94412033  0.00000000 
  2.18 -2.74177258 -2.62023020 -2.73593346  0.83428226  1.21501205  0.00000000 
  2.19 -2.72449609 -2.44175383 -2.71747625  0.83712493  0.31147708  0.00000000 
  2.20 -2.70674093 -1.82020875 -2.69583238  0.83995879  1.08472092  0.00000000 
  2.21 -2.68850952 -2.31896305 -2.67606656  0.84278384 -0.87042636  0.00000000 
  2.22 -2.66980461 -3.90081431 -2.66298712  0.84560008 -2.76064792  0.00000000 
  2.23 -2.65062902 -3.24015693 -2.64653658  0.84840751  1.15297972  0.00000000 
  2.24 -2.63098552 -2.71211207 -2.62734500  0.85120612  0.92154426  0.00000000 
  2.25 -2.61087682 -4.05867942 -2.61370548  0.85399593 -2.35003028  0.00000000 
  2.26 -2.59030571 -2.76964411 -2.59398415  0.85677692  2.24962533  0.00000000 
  2.27 -2.56927508 -2.90941798 -2.57449900  0.85954910 -0.24393346  0.00000000 
  2.28 -2.54778813 -2.35736753 -2.55223815  0.86231246  0.96343883  0.00000000 
  2.29 -2.52584813 -2.20562667 -2.52896986  0.86506701  0.26481825  0.00000000 
  2.30 -2.50345827 -1.98782498 -2.50442184  0.86781275  0.38010767  0.00000000 
  2.31 -2.48062210 -2.59573714 -2.48215399  0.87054967 -1.06092872  0.00000000 
  2.32 -2.45734289 -2.59127303 -2.45951980  0.87327778  0.00779076  0.00000000 
  2.33 -2.43362434 -1.60282786 -2.43233667  0.87599707  1.72503521  0.00000000 
  2.34 -2.40947028 -1.35736663 -2.40381069  0.87870754  0.42837910  0.00000000 
  2.35 -2.38488472 -2.60429688 -2.38025604  0.88140919 -2.17614354  0.00000000 
  2.36 -2.35987168 -2.27100927 -2.35497079  0.88410203  0.58165377  0.00000000 
  2.37 -2.33443506 -2.88717851 -2.33194976  0.88678605 -1.07533899  0.00000000 
  2.38 -2.30857919 -2.28637175 -2.30609452  0.88946125  1.04852837  0.00000000 
  2.39 -2.28230826 -1.84370061 -2.27809727  0.89212762  0.77255000  0.00000000 
  2.40 -2.25562671 -2.59628897 -2.25292455  0.89478518 -1.31341773  0.00000000 
  2.41 -2.22853881 -2.15390787 -2.22562497  0.89743392  0.77204380  0.00000000 
  2.42 -2.20104890 -2.18098617 -2.19814987  0.90007384 -0.04725706  0.00000000 
  2.43 -2.17316166 -2.53109995 -2.17182125  0.90270493 -0.61101881  0.00000000 
  2.44 -2.14488197 -2.45417319 -2.14489066  0.90532720  0.13425264  0.00000000 
  2.45 -2.11621461 -1.03899918 -2.11194902  0.90794065  2.46976266  0.00000000 
  2.46 -2.08716434 -2.66237008 -2.08532299  0.91054528 -2.83310802  0.00000000 
  2.47 -2.05773617 -2.34277265 -2.05713529  0.91314107  0.55776165  0.00000000 
  2.48 -2.02793531 -2.88995488 -2.03087381  0.91572805 -0.95494280  0.00000000 
  2.49 -1.99776666 -2.05245910 -2.00100105  0.91830620  1.46159821  0.00000000 
  2.50 -1.96723558 -1.73991098 -1.96964543  0.92087552  0.54545920  0.00000000 
  2.51 -1.93634748 -2.23838432 -1.94003259  0.92343601 -0.86993602  0.00000000 
  2.52 -1.90510778 -1.70766857 -1.90809261  0.92598768  0.92620550  0.00000000 
  2.53 -1.87352200 -2.28796747 -1.87821248  0.92853052 -1.01273805  0.00000000 
  2.54 -1.84159553 -1.11492073 -1.84352190  0.93106452  2.04720199  0.00000000 
  2.55 -1.80933392 -1.82723596 -1.81141604  0.93358970 -1.24313303  0.00000000 
  2.56 -1.77674277 -1.33082745 -1.77718296  0.93610605  0.86633248  0.00000000 
  2.57 -1.74382775 -0.49441067 -1.73953777  0.93861356  1.45971513  0.00000000 
  2.58 -1.71059477 -1.45972753 -1.70545293  0.94111224 -1.68467164  0.00000000 
  2.59 -1.67704981 -0.91305230 -1.66909794  0.94360209  0.95405798  0.00000000 
  2.60 -1.64319914 -1.49933137 -1.63482665  0.94608311 -1.02317463  0.00000000 
  2.61 -1.60904881 -1.78694864 -1.60148343  0.94855529 -0.50194986  0.00000000 
  2.62 -1.57460473 -2.10348587 -1.56917113  0.95101863 -0.55242099  0.00000000 
  2.63 -1.53987311 -1.76034961 -1.53539273  0.95347314  0.59884164  0.00000000 
  2.64 -1.50486024 -0.84122277 -1.49800347  0.95591881  1.60406080  0.00000000 
  2.65 -1.46957261 -0.97536000 -1.46099295  0.95835565 -0.23409639  0.00000000 
  2.66 -1.43401656 -2.02690288 -1.42778443  0.96078364 -1.83515338  0.00000000 
  2.67 -1.39819832 -1.50859988 -1.39250407  0.96320280  0.90454275  0.00000000 
  2.68 -1.36212449 -2.10686564 -1.35931490  0.96561311 -1.04409382  0.00000000 
  2.69 -1.32580171 -1.15012226 -1.32246041  0.96801458  1.66970923  0.00000000 
  2.70 -1.28923644 -0.73400392 -1.28397338  0.97040721  0.72621001  0.00000000 
  2.71 -1.25243550 -1.68064821 -1.24886846  0.97279100 -1.65208428  0.00000000 
  2.72 -1.21540560 -2.81752759 -1.21780789  0.97516594 -1.98408269  0.00000000 
  2.73 -1.17815345 -0.77892627 -1.17920546  0.97753204  3.55776845  0.00000000 
  2.74 -1.14068594  0.69687208 -1.13518750  0.97988929  2.57556431  0.00000000 
  2.75 -1.10300995 -0.79587791 -1.09653473  0.98223769 -2.60514833  0.00000000 
  2.76 -1.06513220 -0.89412004 -1.05817846  0.98457725 -0.17145224  0.00000000 
  2.77 -1.02705986 -0.86430313 -1.01966201  0.98690796  0.05203650  0.00000000 
  2.78 -0.98879990 -0.43891222 -0.97957994  0.98922982  0.74239252  0.00000000 
  2.79 -0.95035938  0.24583147 -0.93703170  0.99154282  1.19501516  0.00000000 
  2.80 -0.91174526 -0.03810332 -0.89548434  0.99384698 -0.49552319  0.00000000 
  2.81 -0.87296471 -0.98484915 -0.85727522  0.99614228 -1.65226148  0.00000000 
  2.82 -0.83402499 -0.82413483 -0.81847555  0.99842872  0.28047874  0.00000000 
  2.83 -0.79493346 -0.65378039 -0.77906379  1.00070631  0.29730270  0.00000000 
  2.84 -0.75569711 -1.24531685 -0.74171644  1.00297505 -1.03234985  0.00000000 
  2.85 -0.71632317 -0.05291368 -0.70020234  1.00523493  2.08098284  0.00000000 
  2.86 -0.67681896 -0.58404583 -0.66055571  1.00748595 -0.92693219  0.00000000 
  2.87 -0.63719157  0.25500596 -0.61802244  1.00972811  1.46431377  0.00000000 
  2.88 -0.59744838 -0.70834901 -0.57885403  1.01196140 -1.68124777  0.00000000 
  2.89 -0.55759674  0.38859883 -0.53594229  1.01418584  1.91439414  0.00000000 
  2.90 -0.51764401 -1.60564391 -0.49991854  1.01640141 -3.48035383  0.00000000 
  2.91 -0.47759787  0.56670882 -0.45649851  1.01860812  3.79119151  0.00000000 
  2.92 -0.43746565 -1.30751753 -0.41952828  1.02080596 -3.27090113  0.00000000 
  2.93 -0.39725464 -0.99951809 -0.38155174  1.02299494  0.53752082  0.00000000 
  2.94 -0.35697226 -0.32836207 -0.34135908  1.02517504  1.17130196  0.00000000 
  2.95 -0.31662586 -1.15019696 -0.30400657  1.02734628 -1.43426682  0.00000000 
  2.96 -0.27622290 -0.00889213 -0.26288490  1.02950864  1.99180599  0.00000000 
  2.97 -0.23577095  0.07676436 -0.22156958  1.03166214  0.14948776  0.00000000 
  2.98 -0.19527775  0.56126508 -0.17874020  1.03380676  0.84555100  0.00000000 
  2.99 -0.15475058 -0.38652583 -0.13917749  1.03594250 -1.65408536  0.00000000 
  3.00 -0.11419701  0.12558545 -0.09802213  1.03806937  0.89373696  0.00000000 
  3.01 -0.07362486  0.06810598 -0.05717702  1.04018736 -0.10031321  0.00000000 
  3.02 -0.03304169  0.37041352 -0.01546294  1.04229647  0.52758734  0.00000000 
  3.03  0.00754513  0.36964609  0.02611049  1.04439670 -0.00133932  0.00000000 
  3.04  0.04812835 -0.52049514  0.06463074  1.04648804 -1.55347510  0.00000000 
  3.05  0.08870054  1.10102443  0.10830150  1.04857051  2.82987708  0.00000000 
  3.06  0.12925407 -0.08969131  0.14793442  1.05064408 -2.07803795  0.00000000 
  3.07  0.16978164 -0.35246512  0.18656421  1.05270877 -0.45859304  0.00000000 
  3.08  0.21027588 -0.36048368  0.22501476  1.05476458 -0.01399399  0.00000000 
  3.09  0.25072901  0.93554574  0.26747327  1.05681149  2.26183145  0.00000000 
  3.10  0.29113386  0.19977028  0.30738132  1.05884950 -1.28407585  0.00000000 
  3.11  0.33148308  1.88089001  0.35247740  1.06087863  2.93389133  0.00000000 
  3.12  0.37176913  0.25802868  0.39218198  1.06289886 -2.83221873  0.00000000 
  3.13  0.41198481  0.33095996  0.43192214  1.06491019  0.12727973  0.00000000 
  3.14  0.45212283  0.68777935  0.47258816  1.06691262  0.62272144  0.00000000 
  3.15  0.49217600 -0.18342518  0.51028959  1.06890615 -1.52042675  0.00000000 
  3.16  0.53213700  0.37297164  0.54953592  1.07089078  0.97102412  0.00000000 
  3.17  0.57199864 -0.33394497  0.58634456  1.07286651 -1.23371136  0.00000000 
  3.18  0.61175339  1.21284319  0.62777336  1.07483332  2.69945578  0.00000000 
  3.19  0.65139405  0.82483486  0.66774390  1.07679123 -0.67715241  0.00000000 
  3.20  0.69091354 -0.01187230  0.70486844  1.07874023 -1.46022194  0.00000000 
  3.21  0.73030493  0.77018578  0.74417719  1.08068032  1.36484832  0.00000000 
  3.22  0.76956093  0.54235714  0.78252514  1.08261149 -0.39760671  0.00000000 
  3.23  0.80867411  1.60446038  0.82388231  1.08453374  1.85358333  0.00000000 
  3.24  0.84763748  1.62945146  0.86503181  1.08644708  0.04361444  0.00000000 
  3.25  0.88644412  1.26356558  0.90477233  1.08835149 -0.63854428  0.00000000 
  3.26  0.92508705  1.20660978  0.94405076  1.09024699 -0.09939931  0.00000000 
  3.27  0.96355946  1.42237987  0.98369240  1.09213355  0.37656212  0.00000000 
  3.28  1.00185465  0.56220952  1.02042568  1.09401119 -1.50116990  0.00000000 
  3.29  1.03996594  1.24877832  1.05894205  1.09587990  1.19820035  0.00000000 
  3.30  1.07788670  0.84988206  1.09594808  1.09773967 -0.69615403  0.00000000 
  3.31  1.11561027  1.61084246  1.13493264  1.09959051  1.32802863  0.00000000 
  3.32  1.15313034  1.05135518  1.17191670  1.10143242 -0.97641760  0.00000000 
  3.33  1.19044023  2.26446027  1.21220174  1.10326538  2.11711185  0.00000000 
  3.34  1.22753348  1.32631881  1.24934801  1.10508940 -1.63724513  0.00000000 
  3.35  1.26440394  1.99311296  1.28813813  1.10690447  1.16368962  0.00000000 
  3.36  1.30104473  1.28079240  1.32446958  1.10871060 -1.24314234  0.00000000 
  3.37  1.33744965  0.47718823  1.35808717  1.11050778 -1.40245057  0.00000000 
  3.38  1.37361231  1.58297127  1.39462304  1.11229600  1.92981334  0.00000000 
  3.39  1.40952635  1.29569425  1.42995867  1.11407527 -0.50135606  0.00000000 
  3.40  1.44518591  0.64887537  1.46304572  1.11584558 -1.12882876  0.00000000 
  3.41  1.48058494  1.61198978  1.49858999  1.11760693  1.68082794  0.00000000 
  3.42  1.51571721  1.67110921  1.53393464  1.11935931  0.10317527  0.00000000 
  3.43  1.55057657  1.34065216  1.56794474  1.12110272 -0.57671387  0.00000000 
  3.44  1.58515728  2.37415558  1.60456650  1.12283716  1.80367089  0.00000000 
  3.45  1.61945312  1.16246685  1.63729967  1.12456263 -2.11464002  0.00000000 
  3.46  1.65345847  1.11670610  1.66952079  1.12627912 -0.07986168  0.00000000 
  3.47  1.68716785  1.68577348  1.70298867  1.12798663  0.99313678  0.00000000 
  3.48  1.72057548  1.94753285  1.73680734  1.12968516  0.45682264  0.00000000 
  3.49  1.75367550  1.46219432  1.76883815  1.13137469 -0.84701315  0.00000000 
  3.50  1.78646262  1.63273487  1.80095247  1.13305524  0.29762749  0.00000000 
  3.51  1.81893175  1.19886527  1.83143032  1.13472679 -0.75718953  0.00000000 
  3.52  1.85107740  3.00517602  1.86660673  1.13638935  3.15237478  0.00000000 
  3.53  1.88289448  2.99682432  1.90132330  1.13804290 -0.01457540  0.00000000 
  3.54  1.91437800  1.04254164  1.93011091  1.13968744 -3.41061549  0.00000000 
  3.55  1.94552289  3.05675235  1.96412877  1.14132298  3.51520192  0.00000000 
  3.56  1.97632438  1.46300785  1.99324819  1.14294950 -2.78140400  0.00000000 
  3.57  2.00677794  1.83249565  2.02297201  1.14456700  0.64483036  0.00000000 
  3.58  2.03687856  2.35503860  2.05371371  1.14617549  0.91194232  0.00000000 
  3.59  2.06662179  1.88082835  2.08269717  1.14777494 -0.82759206  0.00000000 
  3.60  2.09600323  2.86314386  2.11395401  1.14936537  1.71433773  0.00000000 
  3.61  2.12501835  2.82539540  2.14464894  1.15094675 -0.06587865  0.00000000 
  3.62  2.15366282  1.23916733  2.17052617  1.15251910 -2.76828633  0.00000000 
  3.63  2.18193252  1.57012305  2.19687158  1.15408241  0.57758415  0.00000000 
  3.64  2.20982300  1.77438929  2.22332901  1.15563667  0.35648558  0.00000000 
  3.65  2.23733058  2.47855717  2.25125354  1.15718187  1.22891428  0.00000000 
  3.66  2.26445156  2.01612879  2.27745711  1.15871801 -0.80703032  0.00000000 
  3.67  2.29118208  2.69586447  2.30504304  1.16024509  1.18627518  0.00000000 
  3.68  2.31751818  2.44808019  2.33148745  1.16176311 -0.43243331  0.00000000 
  3.69  2.34345645  1.76072012  2.35560897  1.16327204 -1.19958126  0.00000000 
  3.70  2.36899311  2.44913311  2.38111896  1.16477190  1.20141882  0.00000000 
  3.71  2.39412490  1.96547000  2.40485835  1.16626267 -0.84408920  0.00000000 
  3.72  2.41884814  2.05844550  2.42837766  1.16774435  0.16226092  0.00000000 
  3.73  2.44315996  3.24239793  2.45458251  1.16921694  2.06623460  0.00000000 
  3.74  2.46705749  1.52293046  2.47572428  1.17068042 -3.00081582  0.00000000 
  3.75  2.49053744  1.33595055  2.49590301  1.17213479 -0.32631746  0.00000000 
  3.76  2.51359656  2.79535033  2.51947671  1.17358005  2.54694552  0.00000000 
  3.77  2.53623260  1.64523177  2.53952819  1.17501619 -2.00718773  0.00000000 
  3.78  2.55844298  2.47787397  2.56129815  1.17644320  1.45312776  0.00000000 
  3.79  2.58022533  2.72057805  2.58321981  1.17786108  0.42356733  0.00000000 
  3.80  2.60157750  2.44832378  2.60393920  1.17926981 -0.47513835  0.00000000 
  3.81  2.62249715  2.29574649  2.62377358  1.18066940 -0.26627799  0.00000000 
  3.82  2.64298164  2.53567778  2.64374751  1.18205983  0.41872825  0.00000000 
  3.83  2.66302930  3.35553225  2.66536179  1.18344110  1.43081061  0.00000000 
  3.84  2.68263768  2.31657396  2.68378376  1.18481320 -1.81319074  0.00000000 
  3.85  2.70180450  3.04877909  2.70361063  1.18617612  1.27784491  0.00000000 
  3.86  2.72052801  2.36270066  2.72117208  1.18752985 -1.19734457  0.00000000 
  3.87  2.73880625  3.06669296  2.74005503  1.18887439  1.22860786  0.00000000 
  3.88  2.75663775  2.34155054  2.75658101  1.19020973 -1.26551907  0.00000000 
  3.89  2.77402120  3.45714922  2.77547210  1.19153586  1.94694360  0.00000000 
  3.90  2.79095517  2.89796105  2.79243416  1.19285277 -0.97589559  0.00000000 
  3.91  2.80743835  3.72133833  2.81099634  1.19416045  1.43695861  0.00000000 
  3.92  2.82347001  3.00757895  2.82724168  1.19545889 -1.24565337  0.00000000 
  3.93  2.83904872  3.33574846  2.84382226  1.19674808  0.57272165  0.00000000 
  3.94  2.85417388  3.59440025  2.86055681  1.19802802  0.45139930  0.00000000 
  3.95  2.86884426  3.11770541  2.87558882  1.19929869 -0.83192817  0.00000000 
  3.96  2.88305906  2.66176249  2.88898032  1.20056008 -0.79571190  0.00000000 
  3.97  2.89681771  2.83231868  2.90231098  1.20181219  0.29765477  0.00000000 
  3.98  2.91011973  2.35755688  2.91396523  1.20305500 -0.82855462  0.00000000 
  3.99  2.92296521  1.74416028  2.92360730  1.20428850 -1.07050017  0.00000000 
  4.00  2.93535353  3.02130128  2.93595256  1.20551268  2.22886736  0.00000000 
  4.01  2.94728490  3.25787243  2.94839646  1.20672752  0.41286414  0.00000000 
  4.02  2.95875922  3.10453548  2.95997091  1.20793302 -0.26760376  0.00000000 
  4.03  2.96977707  2.79372815  2.97029143  1.20912916 -0.54242115  0.00000000 
  4.04  2.98033902  2.74133394  2.98000176  1.21031594 -0.09143842  0.00000000 
  4.05  2.99044530  3.64183447  2.99144581  1.21149333  1.57155415  0.00000000 
  4.06  3.00009627  3.22431909  3.00137864  1.21266132 -0.72864813  0.00000000 
  4.07  3.00929272  3.92904242  3.01255358  1.21381991  1.22988365  0.00000000 
  4.08  3.01803534  3.49127163  3.02217346  1.21496907 -0.76399789  0.00000000 
  4.09  3.02632496  3.86885864  3.03223211  1.21610879  0.65896512  0.00000000 
  4.10  3.03416244  2.24404879  3.03786487  1.21723905 -2.83561929  0.00000000 
  4.11  3.04154907  2.89247047  3.04460698  1.21835985  1.13162598  0.00000000 
  4.12  3.04848616  3.61848832  3.05263683  1.21947116  1.26704685  0.00000000 
  4.13  3.05497501  4.10587631  3.06136920  1.22057297  0.85058987  0.00000000 
  4.14  3.06101648  2.07779987  3.06475150  1.22166526 -3.53940042  0.00000000 
  4.15  3.06661239  3.11642426  3.07017580  1.22274801  1.81260801  0.00000000 
  4.16  3.07176324  4.19236464  3.07771619  1.22382120  1.87773191  0.00000000 
  4.17  3.07647118  3.16898419  3.08234686  1.22488482 -1.78600429  0.00000000 
  4.18  3.08073780  2.72049937  3.08545713  1.22593885 -0.78269600  0.00000000 
  4.19  3.08456490  2.26011848  3.08702946  1.22698327 -0.80345706  0.00000000 
  4.20  3.08795469  3.04979520  3.09003700  1.22801805  1.37814435  0.00000000 
  4.21  3.09090857  3.30485580  3.09320583  1.22904318  0.44513195  0.00000000 
  4.22  3.09342932  3.21795029  3.09572855  1.23005863 -0.15166757  0.00000000 
  4.23  3.09551901  2.99269025  3.09728456  1.23106438 -0.39312397  0.00000000 
  4.24  3.09718021  3.11189079  3.09868975  1.23206040  0.20802887  0.00000000 
  4.25  3.09841504  3.46631907  3.10049670  1.23304669  0.61854848  0.00000000 
  4.26  3.09922644  3.62815509  3.10225337  1.23402319  0.28243634  0.00000000 
  4.27  3.09961725  2.20854050  3.10027462  1.23498991 -2.47751238  0.00000000 
  4.28  3.09959055  3.47982993  3.10084543  1.23594679  2.21865521  0.00000000 
  4.29  3.09914951  2.74990623  3.09930599  1.23689383 -1.27386335  0.00000000 
  4.30  3.09829726  3.42217944  3.09891803  1.23783098  1.17325168  0.00000000 
  4.31  3.09703714  2.74705937  3.09656319  1.23875823 -1.17822002  0.00000000 
  4.32  3.09537254  3.80079941  3.09624011  1.23967553  1.83898786  0.00000000 
  4.33  3.09330642  3.66304017  3.09519730  1.24058286 -0.24041752  0.00000000 
  4.34  3.09084265  2.63045164  3.09138910  1.24148019 -1.80207423  0.00000000 
  4.35  3.08798480  2.74922463  3.08747106  1.24236747  0.20728272  0.00000000 
  4.36  3.08473674  4.05399283  3.08615364  1.24324469  2.27708237  0.00000000 
  4.37  3.08110176  3.62737447  3.08347725  1.24411179 -0.74453466  0.00000000 
  4.38  3.07708414  1.97116266  3.07665885  1.24496874 -2.89042201  0.00000000 
  4.39  3.07268843  3.36654861  3.07264866  1.24581550  2.43522853  0.00000000 
  4.40  3.06791930  3.29349934  3.06810784  1.24665203 -0.12748563  0.00000000 
  4.41  3.06278075  2.54397137  3.06151552  1.24747829 -1.30807674  0.00000000 
  4.42  3.05727729  2.32700411  3.05408769  1.24829424 -0.37865142  0.00000000 
  4.43  3.05141342  3.24998433  3.04839450  1.24909982  1.61078574  0.00000000 
  4.44  3.04519438  2.36032448  3.04036296  1.24989499 -1.55263501  0.00000000 
  4.45  3.03862500  3.42093142  3.03437482  1.25067970  1.85097198  0.00000000 
  4.46  3.03171018  2.99286434  3.02709662  1.25145390 -0.74706296  0.00000000 
  4.47  3.02445526  2.02992202  3.01734898  1.25221754 -1.68052761  0.00000000 
  4.48  3.01686485  3.47890258  3.01051156  1.25297055  2.52876188  0.00000000 
  4.49  3.00894344  2.48476262  3.00115136  1.25371289 -1.73497376  0.00000000 
  4.50  3.00069665  2.70616746  2.99197799  1.25444448  0.38639588  0.00000000 
  4.51  2.99212967  4.07868700  2.98553500  1.25516527  2.39532206  0.00000000 
  4.52  2.98324778  2.83814700  2.97605251  1.25587519 -2.16499128  0.00000000 
  4.53  2.97405664  2.87405060  2.96635986  1.25657417  0.06265900  0.00000000 
  4.54  2.96456084  3.52540661  2.95781213  1.25726214  1.13674695  0.00000000 
  4.55  2.95476560  3.69367985  2.94934885  1.25793903  0.29367059  0.00000000 
  4.56  2.94467729  2.64065779  2.93830711  1.25860474 -1.83773484  0.00000000 
  4.57  2.93430192  2.53722926  2.92677693  1.25925921 -0.18050355  0.00000000 
  4.58  2.92364497  2.43097600  2.91475978  1.25990235 -0.18543326  0.00000000 
  4.59  2.91271192  3.21585073  2.90419641  1.26053407  1.36976393  0.00000000 
  4.60  2.90150843  2.77094925  2.89242014  1.26115426 -0.77644238  0.00000000 
  4.61  2.89003989  3.10592929  2.88112797  1.26176284  0.58460740  0.00000000 
  4.62  2.87831325  3.57826494  2.87061762  1.26235970  0.82432051  0.00000000 
  4.63  2.86633450  3.49565340  2.85969553  1.26294473 -0.14417372  0.00000000 
  4.64  2.85411023  2.36533301  2.84612107  1.26351782 -1.97263592  0.00000000 
  4.65  2.84164656  2.32353749  2.83224725  1.26407884 -0.07294157  0.00000000 
  4.66  2.82894915  3.22928728  2.82010587  1.26462768  1.58071517  0.00000000 
  4.67  2.81602460  3.09255308  2.80746835  1.26516419 -0.23862862  0.00000000 
  4.68  2.80287966  3.26798146  2.79500740  1.26568825  0.30615772  0.00000000 
  4.69  2.78952067  2.97739743  2.78173794  1.26619969 -0.50712746  0.00000000 
  4.70  2.77595376  1.86665051  2.76593303  1.26669838 -1.93847630  0.00000000 
  4.71  2.76218541  2.23457672  2.75074053  1.26718414  0.64210509  0.00000000 
  4.72  2.74822211  2.39624325  2.73572712  1.26765680  0.28214053  0.00000000 
  4.73  2.73407058  2.54230378  2.72086462  1.26811618  0.25490494  0.00000000 
  4.74  2.71973727  2.76577474  2.70632056  1.26856210  0.39000167  0.00000000 
  4.75  2.70522978  2.67798072  2.69144634  1.26899434 -0.15321819  0.00000000 
  4.76  2.69055353  2.33831002  2.67572313  1.26941270 -0.59279354  0.00000000 
  4.77  2.67571584  2.81344325  2.66086338  1.26981694  0.82920284  0.00000000 
  4.78  2.66072281  2.73235744  2.64570908  1.27020683 -0.14151100  0.00000000 
  4.79  2.64558091  2.51745548  2.62999010  1.27058211 -0.37504705  0.00000000 
  4.80  2.63029734  2.40623172  2.61393138  1.27094250 -0.19410779  0.00000000 
  4.81  2.61487916  1.82296717  2.59656409  1.27128773 -1.01791370  0.00000000 
  4.82  2.59933310  3.21604821  2.58198614  1.27161748  2.43120601  0.00000000 
  4.83  2.58366658  3.31107040  2.56751039  1.27193143  0.16583279  0.00000000 
  4.84  2.56788634  2.84709110  2.55199257  1.27222922 -0.80973700  0.00000000 
  4.85  2.55199840  2.00399635  2.53466726  1.27251050 -1.47136956  0.00000000 
  4.86  2.53601067  2.79489635  2.51890062  1.27277485  1.38027924  0.00000000 
  4.87  2.51993079  1.80151620  2.50104102  1.27302187 -1.73364773  0.00000000 
  4.88  2.50376493  2.65070198  2.48486841  1.27325108  1.48199961  0.00000000 
  4.89  2.48752092  2.72888510  2.46880909  1.27346201  0.13644523  0.00000000 
  4.90  2.47120694  3.06847910  2.45340060  1.27365414  0.59265968  0.00000000 
  4.91  2.45483041  3.14765640  2.43811773  1.27382690  0.13818028  0.00000000 
  4.92  2.43839921  2.88588616  2.42227656  1.27397968 -0.45684159  0.00000000 
  4.93  2.42192045  1.74583789  2.40411326  1.27411185 -1.98961305  0.00000000 
  4.94  2.40540084  2.97923172  2.38843414  1.27422269  2.15251978  0.00000000 
  4.95  2.38884817  1.80157775  2.37038018  1.27431145 -2.05524253  0.00000000 
  4.96  2.37227087  1.76669837  2.35226761  1.27437731 -0.06087153  0.00000000 
  4.97  2.35567627  4.01034183  2.33867022  1.27441938  3.91560814  0.00000000 
  4.98  2.33907169  2.18565419  2.32143154  1.27443670 -3.18444614  0.00000000 
  4.99  2.32246422  2.04253078  2.30393713  1.27442821 -0.24977909  0.00000000 
  5.00  2.30586234  2.54619014  2.28748429  1.27439277  0.87898668  0.00000000 
  5.01  2.28927244  1.86367937  2.26971602  1.27432913 -1.19111828  0.00000000 
  5.02  2.27270198  2.60098033  2.25346469  1.27423593  1.28673816  0.00000000 
  5.03  2.25615872  2.17382982  2.23642291  1.27411166 -0.74546337  0.00000000 
  5.04  2.23965099  2.14977946  2.21939951  1.27395470 -0.04197271  0.00000000 
  5.05  2.22318603  1.87266522  2.20190278  1.27376323 -0.48361996  0.00000000 
  5.06  2.20677067  2.26430106  2.18525952  1.27353525  0.68348314  0.00000000 
  5.07  2.19041317  1.55271833  2.16730488  1.27326856 -1.24185469  0.00000000 
  5.08  2.17411815  2.72257779  2.15174330  1.27296070  2.04163956  0.00000000 
  5.09  2.15789458  1.82676616  2.13452598  1.27260897 -1.56337108  0.00000000 
  5.10  2.14175067  1.85173372  2.11746870  1.27221032  0.04357340  0.00000000 
  5.11  2.12569229  1.56235475  2.09996547  1.27176135 -0.50502439  0.00000000 
  5.12  2.10972786  1.85919963  2.08316714  1.27125827  0.51805389  0.00000000 
  5.13  2.09386392  3.03400134  2.06878216  1.27069677  2.05026478  0.00000000 
  5.14  2.07810929  2.38200933  2.05326398  1.27007201 -1.13785693  0.00000000 
  5.15  2.06246998  0.84634729  2.03491779  1.26937848 -2.68003845  0.00000000 
  5.16  2.04695369  1.55968721  2.01810951  1.26860993  1.24492132  0.00000000 
  5.17  2.03156820  1.78856164  2.00190470  1.26775917  0.39943182  0.00000000 
  5.18  2.01632197  1.42636320  1.98517111  1.26681796 -0.63210898  0.00000000 
  5.19  2.00122335  1.80122573  1.96933448  1.26577678  0.65421035  0.00000000 
  5.20  1.98627623  1.60049653  1.95329501  1.26462455 -0.35031273  0.00000000 
  5.21  1.97149022  2.53867401  1.93923956  1.26334833  1.63730798  0.00000000 
  5.22  1.95687061  1.62608170  1.92363292  1.26193293 -1.59265673  0.00000000 
  5.23  1.94242714  1.20983884  1.90743760  1.26036031 -0.72642733  0.00000000 
  5.24  1.92816781  2.08940275  1.89312875  1.25860901  1.53501555  0.00000000 
  5.25  1.91410226  1.14038497  1.87723427  1.25665316 -1.65622649  0.00000000 
  5.26  1.90023629  1.95344549  1.86310897  1.25446142  1.41895379  0.00000000 
  5.27  1.88657933  2.68316255  1.85059399  1.25199534  1.27350272  0.00000000 
  5.28  1.87314109  1.96096551  1.83694966  1.24920730 -1.26037877  0.00000000 
  5.29  1.85993020  2.31912178  1.82422610  1.24603757  0.62505457  0.00000000 
  5.30  1.84694915  1.96308460  1.81108518  1.24241022 -0.62135634  0.00000000 
  5.31  1.83420981  1.59269800  1.79751227  1.23822720 -0.64639896  0.00000000 
  5.32  1.82172591  2.52015067  1.78595073  1.23335970  1.61859104  0.00000000 
  5.33  1.80950840  0.80590286  1.77146284  1.22763504 -2.99170647  0.00000000 
  5.34  1.79756708  3.48536550  1.76227456  1.22081630  4.67620007  0.00000000 
  5.35  1.78591221  1.89255093  1.75041435  1.21256940 -2.77978110  0.00000000 
  5.36  1.77455617  2.15684687  1.73936505  1.20240771  0.46124947  0.00000000 
  5.37  1.76352014  1.51714390  1.72746430  1.18959396 -1.11641008  0.00000000 
  5.38  1.75282281  1.09583033  1.71514576  1.17295542 -0.73527673  0.00000000 
  5.39  1.74249356  0.66908907  1.70243483  1.15050822 -0.74474914  0.00000000 
  5.40  1.73258055  2.53940748  1.69362028  1.11861354  3.26408099  0.00000000 
  5.41  1.72316292  0.87717325  1.68225395  1.06981496 -2.90093234  0.00000000 
  5.42  1.71438760  1.25061526  1.67224071  0.98614785  0.65173125  0.00000000 
  5.43  1.70660234  1.59378306  1.66386601  0.81142656  0.59889670  0.00000000 
  5.44  1.70098786  1.05481564  1.65671360  0.25528535 -0.94060633  0.00000000 
  5.45  1.70981495  1.81291181  1.66537449 -7.74397020  1.32302998  0.00000000 
